1 1
2 2
3 1
4 1
5 2
6 2
7 2
8 2
9 2
10 2
11 2
12 2
13 2
14 3
15 2
16 2
17 3
18 2
19 3
20 4
21 4
22 3
23 3
24 3
25 4
26 3
27 4
28 4
29 10
30 5
31 4
32 5
33 5
34 5
35 5
36 6
37 5
38 5
39 6
40 6
41 6
42 6
43 6
44 6
45 8
46 7
47 7
48 7
49 6
50 7
51 7
52 7
53 7
54 7
55 7
56 8
57 8
58 8
59 8
60 7
61 8
62 8
63 8
64 10
65 9
66 8
67 11
68 9
69 8
70 9
71 9
72 9
73 10
74 9
75 10
76 10
77 10
78 10
79 14
80 11
81 11
82 12
83 10
84 10
85 10
86 11
87 12
88 11
89 11
90 12
91 12
92 11
93 12
94 12
95 12
96 12
97 12
98 12
99 12
100 13
101 13
102 13
103 13
104 13
105 14
106 13
107 13
108 13
109 13
110 14
111 14
112 14
113 14
114 15
115 18
116 20
117 19
118 20
119 17
120 16
121 16
122 16
123 20
124 16
125 18
126 19
127 19
128 17
129 16
130 36
131 36
132 26
133 16
134 17
135 16
136 17
137 17
138 18
139 17
140 19
141 18
142 17
143 18
144 18
145 18
146 18
147 18
148 18
149 19
150 19
151 19
152 19
153 20
154 21
155 19
156 20
157 21
158 19
159 20
160 19
161 20
162 20
163 22
164 21
165 20
166 20
167 21
168 20
169 20
170 21
171 21
172 21
173 21
174 22
175 22
176 25
177 23
178 23
179 22
180 22
181 23
182 22
183 23
184 22
185 22
186 23
187 22
188 23
189 23
190 23
191 23
192 25
193 30
194 24
195 24
196 24
197 24
198 24
199 24
200 34
201 27
202 26
203 27
204 32
205 26
206 25
207 25
208 25
209 26
210 26
211 26
212 26
213 27
214 26
215 29
216 34
217 29
218 26
219 27
220 28
221 35
222 26
223 28
224 27
225 28
226 28
227 29
228 31
229 28
230 29
231 31
232 32
233 32
234 31
235 30
236 30
237 29
238 29
239 29
240 29
241 31
242 30
243 29
244 30
245 30
246 30
247 36
248 31
249 30
250 31
251 31
252 34
253 32
254 32
255 33
256 36
257 32
258 32
259 32
260 33
261 37
262 35
263 37
264 34
265 37
266 39
267 40
268 34
269 38
270 47
271 33
272 33
273 36
274 35
275 33
276 33
277 34
278 33
279 35
280 35
281 34
282 34
283 37
284 35
285 46
286 35
287 35
288 46
289 48
290 44
291 38
292 44
293 43
294 41
295 44
296 37
297 40
298 47
299 36
300 38
301 36
302 36
303 40
304 45
305 40
306 37
307 36
308 40
309 38
310 42
311 41
312 38
313 41
314 44
315 43
316 42
317 41
318 44
319 43
320 44
321 41
322 42
323 42
324 41
325 44
326 44
327 42
328 40
329 41
330 43
331 41
332 45
333 44
334 45
335 40
336 44
337 43
338 41
339 44
340 41
341 42
342 46
343 45
344 54
345 47
346 45
347 48
348 46
349 46
350 44
351 46
352 47
353 46
354 46
355 51
356 57
357 49
358 46
359 47
360 51
361 53
362 50
363 64
364 53
365 57
366 53
367 54
368 49
369 50
370 49
371 47
372 54
373 49
374 50
375 48
376 46
377 52
378 45
379 46
380 52
381 50
382 49
383 46
384 49
385 49
386 47
387 48
388 49
389 47
390 48
391 48
392 58
393 50
394 52
395 51
396 51
397 52
398 49
399 53
400 49
401 86
402 60
403 51
404 51
405 54
406 53
407 60
408 49
409 49
410 49
411 53
412 53
413 49
414 51
415 56
416 50
417 51
418 49
419 55
420 53
421 51
422 52
423 50
424 51
425 58
426 63
427 55
428 54
429 53
430 54
431 57
432 65
433 55
434 53
435 56
436 53
437 53
438 54
439 53
440 52
441 59
442 53
443 53
444 62
445 64
446 60
447 57
448 55
449 56
450 53
451 56
452 61
453 59
454 57
455 56
456 61
457 59
458 55
459 57
460 56
461 57
462 55
463 57
464 57
465 57
466 66
467 56
468 57
469 57
470 57
471 63
472 57
473 57
474 56
475 62
476 58
477 66
478 59
479 58
480 57
481 58
482 57
483 58
484 59
485 61
486 59
487 59
488 58
489 66
490 99
491 70
492 61
493 72
494 65
495 68
496 70
497 61
498 60
499 60
500 61
501 60
502 60
503 77
504 69
505 74
506 69
507 60
508 61
509 61
510 62
511 61
512 61
513 62
514 61
515 63
516 61
517 61
518 63
519 67
520 63
521 62
522 64
523 64
524 62
525 66
526 64
527 77
528 66
529 71
530 73
531 69
532 79
533 66
534 70
535 63
536 89
537 74
538 59
539 61
540 66
541 60
542 65
543 68
544 60
545 62
546 62
547 61
548 61
549 62
550 63
551 63
552 63
553 84
554 70
555 74
556 70
557 77
558 70
559 66
560 68
561 75
562 68
563 77
564 77
565 72
566 69
567 68
568 67
569 69
570 68
571 69
572 81
573 70
574 69
575 76
576 72
577 90
578 70
579 77
580 70
581 70
582 70
583 78
584 70
585 70
586 71
587 71
588 78
589 71
590 72
591 71
592 73
593 72
594 71
595 72
596 72
597 79
598 77
599 72
600 73
601 74
602 73
603 74
604 72
605 75
606 83
607 73
608 74
609 80
610 127
611 77
612 76
613 74
614 74
615 75
616 89
617 74
618 80
619 80
620 75
621 83
622 74
623 76
624 79
625 76
626 73
627 75
628 77
629 82
630 77
631 75
632 79
633 82
634 76
635 81
636 76
637 79
638 85
639 77
640 83
641 76
642 78
643 94
644 77
645 78
646 79
647 78
648 86
649 78
650 79
651 78
652 85
653 80
654 112
655 80
656 92
657 79
658 79
659 82
660 80
661 88
662 83
663 82
664 98
665 85
666 83
667 94
668 83
669 76
670 80
671 78
672 75
673 77
674 87
675 76
676 82
677 90
678 82
679 85
680 88
681 91
682 85
683 81
684 81
685 80
686 79
687 79
688 80
689 85
690 86
691 92
692 85
693 83
694 86
695 82
696 83
697 92
698 84
699 85
700 87
701 122
702 87
703 84
704 84
705 87
706 84
707 85
708 86
709 86
710 84
711 100
712 87
713 87
714 85
715 86
716 85
717 85
718 101
719 89
720 88
721 88
722 87
723 89
724 101
725 87
726 89
727 88
728 89
729 86
730 87
731 95
732 99
733 89
734 89
735 89
736 88
737 89
738 90
739 89
740 89
741 99
742 88
743 89
744 95
745 99
746 88
747 93
748 107
749 88
750 89
751 89
752 126
753 90
754 90
755 92
756 92
757 106
758 91
759 91
760 95
761 91
762 92
763 93
764 92
765 93
766 98
767 92
768 92
769 97
770 98
771 93
772 93
773 92
774 121
775 102
776 113
777 96
778 108
779 113
780 111
781 96
782 94
783 95
784 99
785 94
786 94
787 95
788 93
789 110
790 98
791 97
792 96
793 96
794 96
795 96
796 104
797 100
798 99
799 98
800 95
801 94
802 96
803 98
804 97
805 97
806 98
807 97
808 96
809 96
810 97
811 99
812 98
813 112
814 108
815 99
816 113
817 104
818 100
819 105
820 98
821 99
822 100
823 105
824 125
825 99
826 145
827 113
828 110
829 107
830 99
831 110
832 103
833 107
834 102
835 104
836 106
837 102
838 106
839 100
840 100
841 99
842 107
843 101
844 105
845 101
846 108
847 103
848 108
849 101
850 103
851 111
852 102
853 100
854 105
855 104
856 122
857 103
858 115
859 106
860 104
861 110
862 104
863 105
864 104
865 106
866 104
867 104
868 110
869 103
870 102
871 115
872 108
873 106
874 106
875 116
876 121
877 118
878 123
879 114
880 116
881 112
882 111
883 109
884 107
885 107
886 106
887 113
888 107
889 126
890 109
891 116
892 108
893 109
894 108
895 106
896 107
897 109
898 107
899 107
900 108
901 109
902 122
903 109
904 108
905 109
906 110
907 109
908 116
909 115
910 109
911 108
912 129
913 117
914 111
915 109
916 110
917 112
918 111
919 112
920 113
921 110
922 111
923 112
924 127
925 114
926 113
927 111
928 133
929 131
930 126
931 117
932 136
933 126
934 125
935 122
936 115
937 121
938 131
939 132
940 118
941 120
942 113
943 126
944 121
945 120
946 125
947 112
948 134
949 126
950 126
951 133
952 123
953 123
954 128
955 112
956 122
957 116
958 114
959 117
960 116
961 114
962 116
963 120
964 117
965 118
966 121
967 115
968 119
969 129
970 122
971 124
972 116
973 115
974 130
975 117
976 117
977 126
978 119
979 117
980 117
981 118
982 117
983 118
984 119
985 117
986 122
987 118
988 124
989 119
990 117
991 120
992 118
993 121
994 133
995 158
996 129
997 135
998 124
999 128
