1 180
2 2
3 2
4 2
5 3
6 3
7 4
8 3
9 4
10 4
11 5
12 5
13 5
14 5
15 6
16 6
17 12
18 15
19 11
20 10
21 10
22 13
23 10
24 12
25 37
26 16
27 11
28 11
29 11
30 11
31 12
32 12
33 11
34 11
35 11
36 12
37 12
38 13
39 13
40 13
41 13
42 14
43 13
44 14
45 15
46 17
47 16
48 16
49 16
50 17
51 24
52 16
53 16
54 17
55 18
56 35
57 18
58 18
59 18
60 18
61 19
62 18
63 20
64 22
65 22
66 22
67 25
68 22
69 22
70 22
71 21
72 22
73 22
74 23
75 22
76 23
77 24
78 23
79 31
80 24
81 24
82 28
83 47
84 25
85 50
86 29
87 28
88 26
89 26
90 26
91 27
92 28
93 27
94 28
95 28
96 27
97 29
98 31
99 38
100 32
101 30
102 31
103 34
104 38
105 30
106 40
107 30
108 64
109 32
110 52
111 58
112 41
113 33
114 34
115 34
116 33
117 34
118 33
119 34
120 42
121 34
122 35
123 35
124 36
125 42
126 36
127 35
128 36
129 37
130 36
131 36
132 43
133 37
134 37
135 37
136 37
137 38
138 38
139 72
140 41
141 41
142 40
143 41
144 40
145 41
146 43
147 42
148 42
149 41
150 70
151 48
152 45
153 49
154 49
155 45
156 73
157 44
158 78
159 45
160 50
161 54
162 49
163 54
164 51
165 48
166 52
167 50
168 50
169 50
170 50
171 50
172 51
173 59
174 51
175 50
176 51
177 53
178 52
179 88
180 56
181 50
182 50
183 50
184 54
185 54
186 71
187 51
188 52
189 54
190 54
191 56
192 52
193 53
194 52
195 51
196 51
197 53
198 53
199 56
200 53
201 55
202 56
203 54
204 54
205 54
206 55
207 55
208 55
209 56
210 57
211 57
212 64
213 57
214 57
215 58
216 58
217 58
218 88
219 83
220 69
221 62
222 63
223 66
224 71
225 66
226 67
227 73
228 108
229 64
230 66
231 67
232 152
233 63
234 64
235 64
236 67
237 77
238 66
239 65
240 81
241 70
242 69
243 88
244 69
245 70
246 69
247 81
248 70
249 66
250 80
251 118
252 82
253 69
254 68
255 87
256 77
257 86
258 79
259 83
260 128
261 75
262 74
263 73
264 73
265 81
266 74
267 79
268 77
269 104
270 97
271 78
272 79
273 78
274 79
275 80
276 81
277 79
278 90
279 85
280 81
281 89
282 81
283 80
284 89
285 86
286 91
287 88
288 95
289 133
290 100
291 89
292 90
293 89
294 88
295 91
296 98
297 93
298 112
299 83
300 85
301 87
302 87
303 111
304 88
305 96
306 110
307 87
308 97
309 112
310 91
311 82
312 86
313 86
314 90
315 88
316 86
317 110
318 151
319 86
320 84
321 85
322 85
323 85
324 85
325 85
326 86
327 87
328 86
329 86
330 87
331 88
332 86
333 88
334 88
335 87
336 88
337 89
338 90
339 98
340 90
341 91
342 89
343 90
344 109
345 97
346 93
347 92
348 90
349 91
350 113
351 94
352 93
353 91
354 93
355 93
356 93
357 105
358 175
359 104
360 100
361 102
362 97
363 95
364 98
365 98
366 96
367 98
368 101
369 105
370 96
371 136
372 104
373 115
374 133
375 113
376 107
377 100
378 106
379 119
380 109
381 111
382 101
383 107
384 99
385 125
386 104
387 103
388 104
389 130
390 101
391 107
392 106
393 103
394 129
395 105
396 106
397 113
398 118
399 117
400 123
401 110
402 106
403 112
404 108
405 113
406 105
407 106
408 107
409 116
410 107
411 107
412 107
413 108
414 115
415 108
416 108
417 108
418 116
419 110
420 109
421 117
422 120
423 111
424 111
425 120
426 112
427 112
428 111
429 120
430 113
431 112
432 129
433 116
434 113
435 154
436 150
437 141
438 123
439 116
440 118
441 115
442 121
443 121
444 127
445 127
446 155
447 123
448 120
449 119
450 124
451 121
452 133
453 119
454 119
455 120
456 125
457 120
458 120
459 137
460 122
461 127
462 122
463 144
464 149
465 147
466 123
467 129
468 135
469 126
470 123
471 131
472 123
473 124
474 123
475 133
476 125
477 124
478 126
479 147
480 126
481 126
482 125
483 134
484 127
485 126
486 133
487 126
488 128
489 158
490 142
491 152
492 149
493 130
494 132
495 132
496 134
497 130
498 131
499 135
500 128
501 139
502 131
503 132
504 138
505 131
506 132
507 133
508 133
509 133
510 142
511 133
512 134
513 135
514 142
515 134
516 145
517 133
518 148
519 147
520 137
521 141
522 137
523 136
524 136
525 144
526 162
527 140
528 183
529 141
530 142
531 143
532 139
533 138
534 138
535 139
536 139
537 138
538 141
539 140
540 159
541 141
542 141
543 142
544 151
545 142
546 146
547 158
548 159
549 151
550 159
551 151
552 142
553 158
554 146
555 169
556 147
557 160
558 147
559 144
560 155
561 145
562 166
563 151
564 150
565 149
566 148
567 157
568 147
569 155
570 147
571 177
572 172
573 209
574 178
575 165
576 156
577 161
578 156
579 167
580 166
581 166
582 176
583 169
584 155
585 163
586 156
587 153
588 161
589 152
590 152
591 153
592 178
593 155
594 153
595 165
596 172
597 158
598 154
599 195
600 156
601 156
602 156
603 171
604 159
605 156
606 157
607 156
608 156
609 157
610 189
611 172
612 158
613 159
614 160
615 160
616 169
617 160
618 160
619 169
620 161
621 161
622 173
623 175
624 238
625 166
626 175
627 166
628 163
629 172
630 165
631 164
632 178
633 171
634 168
635 166
636 173
637 167
638 164
639 167
640 165
641 168
642 164
643 164
644 175
645 166
646 166
647 177
648 175
649 179
650 209
651 184
652 185
653 173
654 174
655 170
656 175
657 170
658 201
659 171
660 170
661 178
662 174
663 183
664 170
665 171
666 174
667 188
668 174
669 217
670 185
671 189
672 183
673 179
674 176
675 190
676 174
677 183
678 170
679 201
680 177
681 170
682 175
683 192
684 187
685 283
686 185
687 184
688 179
689 191
690 226
691 180
692 178
693 180
694 183
695 189
696 180
697 180
698 185
699 179
700 182
701 180
702 188
703 182
704 180
705 182
706 182
707 181
708 183
709 182
710 183
711 189
712 201
713 187
714 188
715 185
716 271
717 189
718 203
719 193
720 199
721 186
722 194
723 198
724 189
725 188
726 187
727 188
728 188
729 188
730 201
731 204
732 191
733 189
734 188
735 193
736 189
737 190
738 190
739 191
740 191
741 190
742 190
743 192
744 201
745 196
746 222
747 194
748 200
749 225
750 207
751 215
752 192
753 193
754 224
755 205
756 196
757 208
758 205
759 196
760 201
761 208
762 203
763 208
764 199
765 235
766 206
767 203
768 198
769 205
770 199
771 225
772 200
773 262
774 203
775 218
776 219
777 207
778 210
779 219
780 216
781 231
782 204
783 202
784 252
785 217
786 229
787 254
788 201
789 207
790 212
791 220
792 216
793 203
794 209
795 203
796 212
797 218
798 197
799 240
800 203
801 208
802 236
803 207
804 200
805 202
806 203
807 202
808 235
809 204
810 226
811 202
812 199
813 200
814 202
815 211
816 212
817 211
818 218
819 221
820 223
821 221
822 244
823 221
824 213
825 207
826 254
827 248
828 230
829 287
830 214
831 216
832 216
833 228
834 216
835 245
836 215
837 227
838 232
839 241
840 217
841 243
842 233
843 225
844 219
845 249
846 230
847 229
848 221
849 274
850 221
851 222
852 238
853 224
854 224
855 221
856 233
857 244
858 236
859 237
860 248
861 223
862 221
863 223
864 246
865 247
866 243
867 223
868 221
869 221
870 226
871 236
872 227
873 236
874 247
875 221
876 226
877 224
878 228
879 233
880 226
881 255
882 226
883 303
884 231
885 238
886 227
887 232
888 230
889 238
890 228
891 240
892 231
893 245
894 249
895 277
896 231
897 255
898 240
899 231
900 249
901 250
902 254
903 248
904 231
905 237
906 220
907 243
908 218
909 226
910 226
911 284
912 282
913 235
914 231
915 231
916 224
917 264
918 245
919 233
920 222
921 235
922 222
923 256
924 233
925 222
926 229
927 221
928 243
929 246
930 256
931 239
932 232
933 239
934 231
935 243
936 314
937 270
938 255
939 240
940 242
941 223
942 252
943 267
944 240
945 262
946 253
947 252
948 235
949 261
950 271
951 241
952 244
953 245
954 259
955 244
956 263
957 263
958 243
959 253
960 301
961 274
962 255
963 253
964 260
965 233
966 233
967 232
968 233
969 241
970 255
971 249
972 259
973 252
974 284
975 247
976 251
977 253
978 241
979 269
980 239
981 235
982 285
983 243
984 251
985 247
986 254
987 251
988 261
989 256
990 249
991 281
992 244
993 244
994 254
995 257
996 250
997 240
998 251
999 272
